2172;
0, 0;
0;0;0;1;1;1;1;1;2;2;1;1;1;1;1;1;1;1;0;0;0;0;0;3;0;0;0;0;0;3;0;0;0;0;0;0;0;0;0;0;0;0;0;1;1;0;0;0;0;0;0;0;0;0;0;0;0;0;0;0;3;0;3;0;3;3;0;3;3;0;3;3;3;3;2;2;2;2;2;3;3;3;0;3;3;0;3;3;0;0;3;3;
take product #13;
2;1;1;1;1;2;1;2;1;1;2;1;1;0;0;0;0;0;0;0;0;1;0;1;1;2;2;1;1;1;1;1;1;1;1;2;1;1;2;1;1;2;2;2;2;2;2;1;1;0;0;0;0;0;0;0;1;1;1;2;2;2;2;
take product #10;
0;0;0;0;3;3;3;2;2;2;2;2;2;2;3;3;0;0;0;0;0;0;3;3;0;3;3;0;3;3;3;3;3;3;3;3;0;0;3;3;2;3;2;2;2;1;1;1;1;2;1;1;2;1;1;2;1;2;1;2;2;2;2;2;2;2;2;2;2;2;2;2;2;2;3;3;2;2;2;2;2;2;2;2;2;2;2;2;2;1;1;0;0;0;
take product #9;
2;2;2;2;2;1;1;1;1;1;2;2;2;2;2;2;2;2;1;1;1;1;1;1;1;1;1;1;1;1;0;1;1;2;1;1;1;0;1;1;2;1;1;1;1;1;1;1;1;1;1;1;1;1;0;1;0;1;1;0;0;0;1;1;
take product #2;
0;0;0;0;3;3;3;3;0;0;3;3;0;3;3;3;2;3;3;3;0;0;0;1;1;1;1;1;1;1;1;1;1;1;1;1;1;1;1;1;1;1;0;1;0;0;1;0;1;0;1;1;0;1;1;0;1;1;1;1;1;1;1;1;1;0;1;1;0;0;1;0;1;1;0;1;0;0;1;1;1;1;1;2;2;1;1;2;2;2;2;2;2;2;2;2;2;2;2;2;2;2;2;2;2;2;2;2;2;2;2;2;2;2;
take product #1;
0;0;0;0;0;0;0;0;0;0;0;0;0;0;0;0;0;0;0;0;0;0;0;0;0;0;0;3;3;0;0;3;3;3;3;3;2;2;3;2;3;3;2;3;2;2;3;3;2;3;3;3;3;3;3;3;3;3;2;3;3;2;3;3;2;3;2;3;2;2;3;2;3;3;3;3;3;3;3;3;3;3;3;3;3;3;0;0;0;1;0;0;1;0;0;1;0;0;3;0;0;0;1;0;0;1;1;1;1;0;1;0;0;3;
take product #7;
1;0;0;1;1;0;1;1;0;0;1;1;2;2;1;1;0;0;1;1;2;1;1;0;1;1;2;2;1;1;1;1;0;1;1;1;1;1;1;1;1;1;0;1;1;1;0;1;1;0;1;1;0;0;0;0;0;0;0;3;3;0;0;0;1;0;0;0;1;1;0;0;3;0;0;3;3;3;0;3;
take product #4;
3;0;3;3;3;2;3;2;3;2;3;3;3;0;3;3;0;0;0;1;1;0;0;3;3;3;0;3;3;3;3;3;3;3;0;0;1;0;0;3;3;3;3;3;0;0;3;3;0;3;3;3;3;3;3;2;3;2;2;3;3;3;3;3;0;3;3;3;0;3;0;0;3;3;3;3;3;3;3;3;3;3;3;3;3;3;3;3;3;2;
take product #12;
0;1;1;1;1;1;1;1;1;1;1;1;1;1;1;1;1;1;2;2;1;2;1;1;1;2;1;1;1;2;2;1;1;1;1;0;0;1;0;1;1;2;1;1;2;2;1;2;2;3;2;3;3;2;3;3;3;3;3;3;3;3;3;3;3;3;0;0;3;3;0;3;3;3;2;3;2;3;3;3;3;2;3;3;3;3;2;3;2;3;3;3;0;3;3;0;3;3;3;3;0;0;3;3;
take product #11;
0;0;0;0;1;0;0;0;3;0;0;0;0;1;1;1;1;1;1;1;1;1;1;0;1;1;1;1;1;1;1;1;1;0;0;1;1;2;2;1;2;2;1;1;1;1;2;2;1;2;1;1;1;0;0;0;0;1;1;1;1;1;1;1;1;1;1;0;0;1;0;0;0;0;0;0;0;1;0;1;1;0;1;1;1;0;1;0;0;3;3;0;0;0;0;0;1;1;2;2;2;1;1;0;0;0;0;0;0;3;3;0;0;0;0;1;1;1;1;1;0;0;1;1;1;1;1;0;0;0;3;0;0;1;0;0;0;3;3;3;0;0;1;0;0;1;1;1;0;1;0;0;0;0;1;0;0;
take product #6;
2;2;1;2;2;2;1;1;2;2;3;2;2;2;2;2;2;2;2;2;2;2;2;2;3;2;2;1;1;2;1;1;1;2;1;2;2;1;2;2;1;2;2;3;3;0;3;3;2;2;
take product #5;
0;0;1;1;2;1;1;0;0;3;0;0;3;3;3;3;3;3;3;0;3;3;0;3;0;3;3;3;3;0;0;0;0;1;1;1;1;0;0;3;0;3;0;0;1;0;0;0;3;3;0;0;0;3;3;3;0;0;0;0;0;0;0;0;0;3;3;3;3;3;0;0;0;3;3;3;3;3;3;3;3;3;3;3;3;3;3;3;3;2;2;2;2;3;3;3;3;3;3;3;3;3;3;3;3;3;3;3;3;0;3;3;0;3;3;0;0;3;3;3;3;3;3;3;3;3;3;3;3;2;2;3;3;3;3;2;3;3;2;2;3;3;2;2;2;1;1;2;2;2;2;3;3;2;3;3;2;3;2;3;3;3;3;3;3;3;3;3;3;3;3;3;3;3;3;3;0;3;3;3;3;3;0;0;0;0;0;0;0;0;0;0;3;3;3;3;0;3;3;3;2;3;2;3;2;1;1;1;2;1;0;0;1;2;1;0;1;3;0;0;0;3;3;3;3;3;0;0;1;1;1;1;1;1;1;1;1;1;1;2;2;2;2;2;2;2;2;2;1;2;3;2;2;3;
take product #15;
1;0;0;0;1;1;1;0;3;0;0;0;0;3;3;0;0;0;0;3;3;3;3;3;3;3;3;3;3;3;2;2;2;1;1;1;1;2;1;1;0;1;2;1;2;2;2;2;2;2;2;2;2;2;1;1;2;2;3;3;3;3;3;2;2;2;1;1;1;2;1;1;0;0;0;1;1;2;2;2;1;1;1;0;0;0;1;1;2;2;2;1;1;1;2;2;1;2;2;1;1;0;0;1;1;1;1;1;1;0;1;1;0;0;1;1;1;0;0;0;0;1;0;1;1;0;1;1;1;1;1;1;0;1;0;3;0;1;1;1;0;0;1;1;2;3;2;1;1;1;1;1;1;1;0;1;2;
take product #8;
3;3;3;3;3;3;3;3;0;0;3;2;2;3;3;3;2;2;2;1;2;3;2;1;2;2;3;2;1;2;1;1;0;1;1;1;0;1;1;1;1;1;2;3;2;1;1;1;0;0;3;2;1;1;2;2;2;2;2;3;2;2;2;3;0;3;3;3;3;3;2;2;3;0;0;3;2;3;0;3;3;3;3;0;0;1;1;1;1;1;1;1;1;1;1;1;0;0;3;3;3;3;3;3;3;3;3;3;3;3;3;3;3;3;3;3;3;3;2;3;3;2;2;2;2;3;2;1;3;3;0;3;2;2;3;0;3;3;3;3;3;0;3;3;3;3;3;0;3;0;
take product #14;
1;0;0;3;3;3;2;2;3;3;3;3;3;3;3;3;2;2;2;2;2;2;2;2;2;2;2;2;2;2;2;2;1;1;1;2;2;3;2;3;3;2;2;3;3;2;3;2;3;3;3;3;3;3;3;3;3;2;3;3;3;3;3;2;3;3;2;3;2;2;2;2;2;2;2;2;2;1;1;1;2;2;2;2;2;2;1;1;1;1;1;0;0;0;0;0;0;1;0;0;1;1;
take product #16;
2;2;1;1;2;2;2;3;2;3;3;2;2;2;3;3;3;1;0;3;3;0;0;0;3;3;3;0;0;0;3;3;2;2;2;2;2;3;2;2;2;2;2;2;2;2;2;2;2;1;2;2;2;1;2;2;2;2;1;2;1;1;2;2;3;3;3;3;2;2;2;2;1;2;2;3;2;2;2;1;1;1;0;0;0;1;1;2;2;2;2;2;3;3;3;2;2;2;2;2;2;2;2;3;3;3;2;2;2;2;2;2;1;1;1;1;1;1;1;1;2;3;2;3;3;3;0;3;2;3;2;1;2;3;
take product #3;
1;0;0;0;3;0;3;3;0;0;0;0;0;0;1;1;1;0;0;0;0;0;0;0;0;3;3;0;0;0;0;0;1;0;0;3;0;0;0;0;1;1;1;1;0;0;1;1;0;0;0;3;0;0;0;1;1;0;0;0;3;3;0;0;0;0;0;0;0;3;3;2;2;2;2;2;2;2;3;3;0;0;0;0;0;0;0;3;3;0;0;0;1;0;0;0;0;3;0;0;0;0;0;0;0;0;0;0;1;0;0;3;0;0;0;0;0;0;0;0;1;1;2;2;2;1;1;2;2;2;1;1;0;1;1;1;1;1;1;1;1;1;0;1;0;1;1;0;0;0;0;0;0;0;0;3;0;0;3;3;3;2;2;2;2;2;2;2;2;2;3;2;3;3;3;0;0;0;3;3;3;0;0;1;1;1;0;0;1;1;0;0;0;0;0;1;1;1;1;1;1;0;0;0;0;3;3;2;2;3;3;3;3;0;3;0;0;0;0;0;3;0;0;0;0;0;1;1;1;0;0;3;0;0;1;1;1;1;1;1;1;1;1;0;0;0;0;0;0;0;0;0;0;3;3;3;0;0;3;3;3;3;3;0;0;1;1;1;1;1;1;1;1;1;1;1;2;1;1;0;1;1;2;2;1;1;0;0;1;1;1;1;1;1;1;1;1;2;2;2;2;3;3;0;0;3;3;3;2;2;2;2;1;1;2;1;1;2;1;1;2;1;1;0;0;1;1;0;0;3;0;0;0;3;3;0;0;
